Used 2022 Mercedes-Benz, C 300 Sedan 4MATIC, $34,988, Excellent Price, 17 miles, 
Used 2022 Mercedes-Benz, Metris Passenger Van 126" Wheelbase Standard Roof, $32,999, Fair Price, 48,418 miles, 
Used 2022 Mercedes-Benz, AMG G 63, $164,986, Excellent Price, 12,180 miles, 
Used 2022 Mercedes-Benz, C 300 Sedan 4MATIC, $33,798, Great Price, 25,881 miles, 
Used 2022 Mercedes-Benz, C 300 Sedan 4MATIC, $34,000, Great Price, 25,038 miles, 
Used 2022 Mercedes-Benz, GLA 250 4MATIC, $31,661, Fair Price, 26,875 miles, 
Used 2022 Mercedes-Benz, GLC 300 SUV 4MATIC, $36,495, Fair Price, 28,743 miles, 
Used 2022 Mercedes-Benz, GLE 350 4MATIC, $51,500, High Price, 36,300 miles, 
Used 2022 Mercedes-Benz, C 300 Sedan 4MATIC, $30,721, Excellent Price, 39,095 miles, 
Used 2022 Mercedes-Benz, AMG GLE 53 4MATIC, $58,500, Fair Price, 45,367 miles, 
Used 2022 Mercedes-Benz, GLC 300 SUV 4MATIC, $42,582, High Price, 11,696 miles, 
Used 2022 Mercedes-Benz, AMG SL 63, $104,995, Fair Price, 19,853 miles, 
Used 2022 Mercedes-Benz, GLS 450 4MATIC, $55,999, Fair Price, 47,144 miles, 
Used 2022 Mercedes-Benz, GLE 450 4MATIC, $53,444, Fair Price, 26,640 miles, 
Used 2022 Mercedes-Benz, AMG G 63, $169,997, Fair Price, 25,774 miles, 
Used 2022 Mercedes-Benz, AMG EQS 4MATIC+ Sedan, $67,995, Fair Price, 11,906 miles, 
Used 2022 Mercedes-Benz, S 580 4MATIC, $82,995, High Price, 34,122 miles, 
Used 2022 Mercedes-Benz, A 220 FWD, $23,993, Great Price, 28,710 miles, 
Used 2022 Mercedes-Benz, EQB 300 4MATIC, $24,299, High Price, 50,581 miles, 
Used 2022 Mercedes-Benz, Metris Cargo Van 126" Wheelbase Standard Roof, $31,955, Fair Price, 55,143 miles, 
Used 2022 Mercedes-Benz, C 300 Sedan 4MATIC, $34,988, Excellent Price, 17 miles, 
Used 2022 Mercedes-Benz, Metris Passenger Van 126" Wheelbase Standard Roof, $32,999, Fair Price, 48,418 miles, 
Used 2022 Mercedes-Benz, GLE 350 4MATIC, $51,500, High Price, 36,300 miles, 
Used 2022 Mercedes-Benz, GLA 250 4MATIC, $31,661, Fair Price, 26,875 miles, 
Used 2022 Mercedes-Benz, AMG GLE 53 4MATIC, $58,500, Fair Price, 45,367 miles, 
Used 2022 Mercedes-Benz, GLC 300 SUV 4MATIC, $36,495, Fair Price, 28,743 miles, 
Used 2022 Mercedes-Benz, GLS 450 4MATIC, $55,999, Fair Price, 47,144 miles, 
Used 2022 Mercedes-Benz, AMG G 63, $164,986, Excellent Price, 12,180 miles, 
Used 2022 Mercedes-Benz, C 300 Sedan 4MATIC, $33,798, Great Price, 25,881 miles, 
Used 2022 Mercedes-Benz, C 300 Sedan 4MATIC, $34,000, Great Price, 25,038 miles, 
Used 2022 Mercedes-Benz, GLC 300 SUV 4MATIC, $42,582, High Price, 11,696 miles, 
Used 2022 Mercedes-Benz, C 300 Sedan 4MATIC, $30,721, Excellent Price, 39,095 miles, 
Used 2022 Mercedes-Benz, AMG SL 63, $104,995, Fair Price, 19,853 miles, 
Used 2022 Mercedes-Benz, GLE 450 4MATIC, $53,444, Fair Price, 26,640 miles, 
Used 2022 Mercedes-Benz, AMG G 63, $169,997, Fair Price, 25,774 miles, 
Used 2022 Mercedes-Benz, AMG EQS 4MATIC+ Sedan, $67,995, Fair Price, 11,906 miles, 
Used 2022 Mercedes-Benz, S 580 4MATIC, $82,995, High Price, 34,122 miles, 
Used 2022 Mercedes-Benz, EQB 300 4MATIC, $24,299, High Price, 50,581 miles, 
Used 2022 Mercedes-Benz, A 220 FWD, $23,993, Great Price, 28,710 miles, 
Used 2022 Mercedes-Benz, E 450 Coupe 4MATIC, $54,998, High Price, 12,295 miles, 
